0.00208524688402696
0.027675075765436766
0.2060711266957127
0.9277570262258171
2.75557303063772
5.938371389707361
10.181502841839196
15.0
20.0
0.043561110274265756
0.20238870027549724
0.6898629655784748
1.8103846662950616
3.8321871966074164
6.836371156662021
10.69094802380327
15.154058635061967
20.0
0.14712561554505107
0.46418233929162644
1.1829121051033131
2.5204046172609056
4.633015097198274
7.556659646808798
11.207999761843302
15.43449033947417
20.073473192543617
0.6530285971035734
1.3445444459924702
2.470263302072554
4.125211097213406
6.361224484414756
9.180828403950226
12.544263215392501
16.384247144819774
20.622146425599176
1.2374198941557502
2.170267678610012
3.5143171823473933
5.321065612505272
7.613895898235323
10.388638320888807
13.618628458837621
17.262064714955464
21.269506082458978
1.8102429158720348
2.909885233551683
4.394066355281077
6.294017650048138
8.621391655010694
11.370000329719495
14.519488096141425
18.039800985817017
21.89558246327154
2.3509465990701965
3.573689293282197
5.15720901894605
7.1216738062528
9.47284607252853
12.203901541825271
15.29821456019859
18.732400853624995
22.479186443757687
2.856289891184038
4.174306747040799
5.832764826126474
7.845159816178132
10.21391736154219
12.932105413879045
15.985570533733899
19.35516747042169
23.018813190773272
3.7684840596112723
5.2256094616887
6.990875109363639
9.070492996307037
11.463564940392686
14.163393488470444
17.158892907506573
20.435937962738084
23.978548839604283
4.5685929364837
6.123242023351546
7.961611284254728
10.08625631724189
12.494777156610493
15.18082730959458
18.135104280656158
21.34626048074502
24.801683655192377
5.277198134025347
6.904182967869697
8.79562246005798
10.951964408851696
13.370008444851024
16.04371614596151
18.964902521607105
22.123945476427384
25.51036767795719
6.478933755992767
8.20474266781385
10.16584326717988
12.36046608552355
14.78464952476838
17.432757687091268
20.297985585216356
23.372790834849475
26.64940957256657
