0.0020520139159659364
0.026759370822757932
0.20198512794004858
0.927010656654023
2.7598067030456
5.948262694705391
10.1927606368112
15.00659541666168
20.002026808109086
0.04195042042527052
0.19791572321485448
0.6867032334445429
1.8190536284449579
3.8411566050510713
6.862397373571891
10.700942376273087
15.180781753543378
20.00357207657499
0.14339982472462529
0.45541911899847
1.1786578359889988
2.537573838237522
4.646315856795402
7.5863989929701825
11.22374549855735
15.471062888162418
20.101015180440932
0.6420779504409648
1.3370406652464546
2.4836056730762768
4.147742967186035
6.377684972231703
9.22153200241584
12.574308510300721
16.424579181511394
20.67862232273795
1.2336893116704792
2.1757836796828305
3.536081208318798
5.349708553926991
7.639281076391384
10.445954304662354
13.652301597221735
17.3216809934932
21.344758721907485
1.8041673127198936
2.929943359873049
4.433817254392414
6.334028389778597
8.659048773364324
11.437093357390436
14.5780955165444
18.100183998593007
21.976266529596252
2.3552178273940054
3.59923619593507
5.197863954386932
7.156399108458339
9.518445375838972
12.286825642395872
15.383015632915592
18.812494077968047
22.58403580713814
2.874485717519057
4.210620422034478
5.8803648252178515
7.876936486538845
10.266000073253139
13.024245932043463
16.074672058681607
19.435448535020445
23.125571808324096
3.797669037945903
5.275705852689471
7.042652234238216
9.119366572456542
11.537678456666628
14.277056470410761
17.262031965215492
20.52992727801467
24.097552955681408
4.607220969146878
6.179493631869287
8.010863392794286
10.134030645513072
12.584676079057322
15.289733350256652
18.247723896573877
21.459276819826755
24.950129385406527
5.334921976503731
6.964403146639074
8.846331533384477
11.017166580328196
13.473565766922189
16.172352907017427
19.100144788993727
22.26176436217681
25.69596158675068
6.540383004895473
8.269541096040891
10.244963316780888
12.476277242443361
14.94006510252461
17.636287854527435
20.532240604213236
23.60943800628254
26.94540529301164
