0.0
0.028083969373831823
0.22310851619732155
0.9820341530989996
2.829583122013067
5.99487315462993
10.2036600823328
14.99937261480897
19.990269380310174
0.045094238832069394
0.21942790839239443
0.7392126486095291
1.8981288159742462
3.9346966071788563
6.926278288602844
10.748050553423637
15.179067252689077
19.997061793597815
0.15908893908136446
0.501916542884541
1.2569188201314936
2.6318637009532586
4.7565023344647335
7.671389439907039
11.293780430195852
15.485304582624684
20.0947981696657
0.7057090744570008
1.4344327393674554
2.600507681065713
4.2809221209703106
6.529431116197169
9.34245101455567
12.68755917487071
16.49773376219912
20.699709579411294
1.3259234624230325
2.296457050380422
3.678554195399932
5.515534603355925
7.8139593748534635
10.590639226257478
13.801722106584396
17.41534183952594
21.391465391629264
1.93188990052038
3.0676120547918027
4.589707936954749
6.51022804843407
8.846553048801558
11.594775646595966
14.729867455271032
18.225421092071315
22.05438123932363
2.4984621940749605
3.756299097257919
5.369385002170454
7.358622826033335
9.718983743183784
12.449818181127183
15.537333328425058
18.951600632531218
22.665824187943667
3.024248688946421
4.380964281246203
6.070978877707335
8.10429259414359
10.478207092288347
13.201161492357684
16.246781762856834
19.592075109468077
23.237357811221017
3.9726719924372533
5.462658578713114
7.253985109311456
9.361861928475575
11.758487196840441
14.468053100723187
17.44895662036467
20.71891827620914
24.24336864771233
4.794949538524599
6.388679006991693
8.255641545452812
10.400873279258336
12.816876345164362
15.51462451954205
18.46573421543158
21.66431584851926
25.103665512464342
5.533488869042883
7.18873456582121
9.115006026942138
11.287435616289846
13.718759885443342
16.40679646167735
19.333032378700782
22.49138145669447
25.874110066589893
6.776953807101329
8.537504770984398
10.526297678347474
12.744702514521567
15.197321633746032
17.86889465997112
20.75475551458259
23.849244124552694
27.145979512892165
