0.0015716453149271056
0.02537026006800062
0.2034143077812727
0.9322535854531024
2.767211128688668
5.9469685923075035
10.184768959770837
15.001209875479853
20.0
0.040347502885195834
0.19849306478694234
0.6909709071587286
1.8212563575134377
3.8498172153266808
6.852888387063929
10.70194518289486
15.161051169348207
20.001886739888402
0.1424202254870616
0.4618476560691029
1.1885455602309092
2.536318517431279
4.65558902133202
7.5793013442729755
11.2261242971689
15.447658914304045
20.084029924172206
0.6512839554506108
1.3509954180696642
2.4876406812278833
4.152960624389778
6.395844838859114
9.217622838740837
12.579244490411284
16.41527756447391
20.649049685638204
1.242097081140665
2.1854987463379696
3.5412159416094573
5.35833630897252
7.658451857357445
10.43669236571332
13.666770957898324
17.307948688339632
21.312078516012548
1.8216847674644403
2.9330121238980875
4.429171885454629
6.339594599209914
8.674699075720898
11.427827163628299
14.578852160189076
18.098433570402186
21.95212232903412
2.368879707788983
3.6039552477894103
5.199660059939292
7.174767948338423
9.534121600236707
12.270560095827587
15.367614328042512
18.802407483223533
22.548358772072632
2.880337664111687
4.211114126186745
5.881944271106681
7.905200151079691
10.282603708156964
13.0069553559184
16.064222728407195
19.43565570745273
23.099707093814533
3.8037192262247013
5.274214627285877
7.0522680243588525
9.143321141638854
11.546012544182725
14.253484070824749
17.254736813196672
20.535904424512015
24.081368676175437
4.6139587080153115
6.182526443284402
8.034225378909793
10.171052630138702
12.590285095968738
15.285466958317539
18.24735774101448
21.464786040232525
24.925390469494893
5.332023810806479
6.973534966453866
8.878979138320343
11.04838878322504
13.478326882286776
16.162651817408324
19.093219897847188
22.260509397992585
25.65417762082146
6.551630549443871
8.293367252797319
10.270075548214129
12.479699333639354
14.91809167634485
17.579519049221794
20.45711831985924
23.543328547676985
26.830340235842694
